13 20
45
0 0 4 0 2 0 2 0 0 0 3 0 0 7 0 0 0 0 8 0
0 0 3 0 4 0 0 0 0 0 4 0 0 0 0 0 0 0 0 0
1 1 0 0 3 1 0 0 0 0 5 0 0 0 0 21 0 0 0 0
0 5 0 0 0 0 2 0 2 0 2 0 0 0 0 0 0 0 0 0
2 0 4 0 0 0 18 0 0 0 0 0 0 0 0 0 1 1 0 0
3 0 0 0 0 0 0 0 0 0 0 0 0 0 0 0 3 0 2 4
0 3 0 4 9 0 0 0 0 0 0 63 0 0 0 0 0 3 2 0
0 0 0 0 0 0 0 0 0 0 0 0 0 0 0 0 0 0 0 0
1 1 0 0 0 0 0 0 0 0 0 0 0 0 0 0 5 0 6 0
2 0 0 0 0 0 0 0 0 0 0 0 0 0 0 0 0 0 0 0
0 0 0 5 0 0 0 0 0 0 0 0 0 0 0 0 0 9 0 0
0 0 0 0 0 0 0 0 0 0 0 0 0 0 0 0 0 0 0 0
2 4 5 0 0 0 0 18 0 0 0 0 0 0 0 0 0 0 0 0
