20 20
45
0 0 9 0 0 0 0 0 0 0 0 0 0 5 2 0 4 0 0 0
0 0 3 0 2 0 0 0 0 0 0 0 15 0 0 0 0 0 0 0
0 0 0 0 0 0 0 0 0 0 0 0 0 0 0 0 0 0 0 0
0 0 0 0 0 0 0 0 0 0 0 0 0 0 24 0 0 0 0 0
0 0 0 0 0 0 0 0 0 0 0 0 0 0 0 0 0 0 0 0
0 10 0 0 0 0 0 0 0 0 0 0 0 0 0 0 0 0 0 0
0 0 0 0 0 0 0 0 0 0 50 0 0 0 0 16 0 0 0 0
2 0 0 2 0 2 0 0 0 0 0 0 0 0 0 0 14 0 0 0
0 0 0 0 0 0 0 0 0 0 0 0 0 0 0 0 0 0 0 0
0 0 0 0 0 0 0 0 0 0 0 0 0 0 0 0 0 0 0 60
0 0 0 0 0 0 0 0 0 0 0 0 0 0 0 0 0 0 0 0
0 0 0 8 36 0 0 0 0 0 0 0 0 1 6 0 0 0 0 3
0 0 0 0 0 0 0 0 0 0 0 0 0 0 0 0 0 3 0 0
0 8 0 0 0 0 0 0 0 0 0 0 0 0 0 0 0 2 2 0
0 0 0 0 0 0 0 0 0 0 0 0 0 3 2 0 4 0 0 2
2 0 0 0 0 0 0 0 0 0 0 0 0 0 0 0 0 0 0 0
4 0 0 0 0 0 0 0 0 0 0 0 0 0 0 0 0 0 0 0
0 0 0 0 0 0 0 0 0 0 0 0 0 0 0 0 0 0 0 54
1 3 0 0 2 0 2 0 0 3 0 1 0 2 0 2 0 2 0 2
1 0 0 0 0 0 0 0 17 0 0 0 0 0 0 0 0 0 2 0
